2.0 0.025 4.25 4.0 40 0.08 3.0 10 0.4 2.5 4.0 3.0
2.0 0.025 4.25 4.0 40 0.08 3.0 20 0.4 2.5 4.0 3.0
2.0 0.025 4.25 4.0 40 0.08 3.0 30 0.4 2.5 4.0 3.0
2.0 0.025 4.25 4.0 40 0.08 3.0 50 0.4 2.5 4.0 3.0
2.0 0.025 4.25 4.0 40 0.08 3.0 70 0.4 2.5 4.0 3.0
2.0 0.025 4.25 4.0 40 0.08 3.0 100 0.4 2.5 4.0 3.0
2.0 0.025 4.25 4.0 20 0.08 3.0 40 0.4 2.5 4.0 3.0
2.0 0.025 4.25 4.0 25 0.08 3.0 40 0.4 2.5 4.0 3.0
2.0 0.025 4.25 4.0 30 0.08 3.0 40 0.4 2.5 4.0 3.0
2.0 0.025 4.25 4.0 50 0.08 3.0 40 0.4 2.5 4.0 3.0
2.0 0.025 4.25 4.0 60 0.08 3.0 40 0.4 2.5 4.0 3.0
2.0 0.025 4.25 4.0 80 0.08 3.0 40 0.4 2.5 4.0 3.0